58391
04726
91835
20467
77510
36284
09157
64823
53079
18462
72904
31658
87021
45297
10386
69514
28730
54169
90843
12475
73608
45012
86935
21794
60358
74821
09563
58207
34186
97042
15689
62403
80715
29374
56128
43890
71056
18437
92650
30581
67249
04815
59372
81406
23758
96013
42187
70529
13864
85271
30495
61723
98046
24581
73695
10934
56820
84713
29160
75428
03691
68257
91430
52086
17349
86502
40731
62895
15074
98316
24609
71583
49260
83175
06428
57931
20846
74390
18625
95071
32468
80742
51937
27084
64805
19376
72015
48529
91648
35207
67491
02853
54120
86974
31705
70268
15493
63817
98025
42670